CNN_with_0.01_lr_5_epochs.pth
train_loss: [3.8503, 3.7562, 0.8829, 0.578, 0.5022]
train_acc: [0.0209, 0.0598, 0.7319, 0.813, 0.8357]
test_loss: [3.8495, 1.8377, 0.6483, 0.5455, 0.5116]
test_acc: [0.0196, 0.471, 0.799, 0.8276, 0.8366]

--------------------------------------------------
VGG_with_0.01_lr_5_epochs.pth
train_loss: [0.6547, 0.3383, 0.2913, 0.2609, 0.2418]
train_acc: [0.7887, 0.8767, 0.8907, 0.8998, 0.9067]
test_loss: [0.359, 0.313, 0.303, 0.3054, 0.296]
test_acc: [0.8711, 0.8883, 0.8939, 0.8895, 0.8956]

--------------------------------------------------
LeNet_with_0.01_lr_5_epochs.pth
train_loss: [3.5461, 1.1522, 0.7534, 0.6242, 0.5541]
train_acc: [0.0971, 0.654, 0.7604, 0.7953, 0.8155]
test_loss: [1.8026, 0.8765, 0.7011, 0.6024, 0.5669]
test_acc: [0.48, 0.7269, 0.782, 0.8027, 0.8154]

--------------------------------------------------
CNN_with_0.1_lr_5_epochs.pth
train_loss: [1.005, 0.5064, 0.4556, 0.4266, 0.4082]
train_acc: [0.7112, 0.8359, 0.8475, 0.8551, 0.8602]
test_loss: [0.5607, 0.5101, 0.462, 0.4542, 0.4598]
test_acc: [0.8233, 0.8314, 0.8496, 0.8543, 0.85]

--------------------------------------------------
VGG_with_0.1_lr_5_epochs.pth
train_loss: [0.6486, 0.3569, 0.3112, 0.2814, 0.2631]
train_acc: [0.7881, 0.873, 0.8855, 0.8941, 0.9007]
test_loss: [0.388, 0.3258, 0.3115, 0.3119, 0.3033]
test_acc: [0.8616, 0.8839, 0.8901, 0.89, 0.8938]

--------------------------------------------------
LeNet_with_0.1_lr_5_epochs.pth
train_loss: [1.1438, 0.4703, 0.406, 0.3716, 0.3487]
train_acc: [0.6585, 0.8354, 0.8547, 0.8657, 0.8721]
test_loss: [0.527, 0.4521, 0.4231, 0.4322, 0.3903]
test_acc: [0.8215, 0.845, 0.8579, 0.8538, 0.8634]

--------------------------------------------------
CNN_with_0.5_lr_5_epochs.pth
train_loss: [3.854, 3.8542, 3.854, 3.8542, 3.8542]
train_acc: [0.0214, 0.0209, 0.0214, 0.0207, 0.0208]
test_loss: [3.8538, 3.8529, 3.8534, 3.8532, 3.8546]
test_acc: [0.0213, 0.0213, 0.0213, 0.0213, 0.0213]

--------------------------------------------------
VGG_with_0.5_lr_5_epochs.pth
train_loss: [1.3011, 0.479, 0.4051, 0.3659, 0.3431]
train_acc: [0.6097, 0.841, 0.8604, 0.872, 0.8789]
test_loss: [0.5139, 0.3828, 0.3787, 0.3658, 0.3388]
test_acc: [0.8224, 0.871, 0.8734, 0.8752, 0.8857]

--------------------------------------------------
LeNet_with_0.5_lr_5_epochs.pth
train_loss: [1.0001, 0.6016, 0.5575, 0.5288, 0.4962]
train_acc: [0.6924, 0.8003, 0.8124, 0.8219, 0.8301]
test_loss: [0.6019, 0.6262, 0.5666, 0.5692, 0.5335]
test_acc: [0.8012, 0.7913, 0.817, 0.8214, 0.831]

--------------------------------------------------
CNN_with_0.01_lr_10_epochs.pth
train_loss: [2.5969, 0.7038, 0.5565, 0.4991, 0.4649, 0.4412, 0.4247, 0.4113, 0.4011, 0.3921]
train_acc: [0.3207, 0.7808, 0.8208, 0.8367, 0.8458, 0.8522, 0.856, 0.8607, 0.8632, 0.8666]
test_loss: [0.8787, 0.6283, 0.5389, 0.5062, 0.479, 0.483, 0.4634, 0.454, 0.4471, 0.4654]
test_acc: [0.7419, 0.8011, 0.8307, 0.8385, 0.8472, 0.8461, 0.8473, 0.8502, 0.8514, 0.8421]

--------------------------------------------------
VGG_with_0.01_lr_10_epochs.pth
train_loss: [0.6498, 0.3383, 0.2914, 0.2615, 0.2413, 0.2231, 0.207, 0.1925, 0.1792, 0.1684]
train_acc: [0.7894, 0.8761, 0.891, 0.8996, 0.9057, 0.9119, 0.9168, 0.9217, 0.9264, 0.9303]
test_loss: [0.3609, 0.3166, 0.3071, 0.3112, 0.2999, 0.3065, 0.3191, 0.3405, 0.3444, 0.3285]
test_acc: [0.8701, 0.8872, 0.8918, 0.8896, 0.8964, 0.8928, 0.8904, 0.8878, 0.8905, 0.892]

--------------------------------------------------
LeNet_with_0.01_lr_10_epochs.pth
train_loss: [3.8485, 2.0741, 0.881, 0.7061, 0.6177, 0.558, 0.515, 0.4802, 0.4549, 0.433]
train_acc: [0.028, 0.4397, 0.7259, 0.7728, 0.7983, 0.8132, 0.8258, 0.8365, 0.8437, 0.8494]
test_loss: [3.838, 1.0535, 0.807, 0.6748, 0.6185, 0.5776, 0.5415, 0.5142, 0.4921, 0.4989]
test_acc: [0.0383, 0.6727, 0.7502, 0.7838, 0.8031, 0.812, 0.8229, 0.8304, 0.8381, 0.8291]

--------------------------------------------------
CNN_with_0.1_lr_10_epochs.pth
train_loss: [0.9368, 0.4896, 0.4373, 0.412, 0.3956, 0.3832, 0.3754, 0.37, 0.366, 0.3556]
train_acc: [0.727, 0.8384, 0.8535, 0.8598, 0.8638, 0.8677, 0.8694, 0.87, 0.8711, 0.8741]
test_loss: [0.5613, 0.4965, 0.4524, 0.4486, 0.4412, 0.4512, 0.4619, 0.4419, 0.4319, 0.4377]
test_acc: [0.8252, 0.838, 0.854, 0.8543, 0.8603, 0.8525, 0.8462, 0.8523, 0.8597, 0.8522]

--------------------------------------------------
VGG_with_0.1_lr_10_epochs.pth
train_loss: [0.6542, 0.3567, 0.3094, 0.2822, 0.2611, 0.2448, 0.2313, 0.2192, 0.2106, 0.2002]
train_acc: [0.7856, 0.8725, 0.8856, 0.8946, 0.9007, 0.9057, 0.9103, 0.9137, 0.9162, 0.9206]
test_loss: [0.3842, 0.3261, 0.3221, 0.3099, 0.302, 0.3009, 0.3102, 0.3182, 0.3065, 0.3165]
test_acc: [0.8614, 0.8851, 0.8872, 0.8878, 0.8957, 0.8946, 0.893, 0.8937, 0.8976, 0.8953]

--------------------------------------------------
LeNet_with_0.1_lr_10_epochs.pth
train_loss: [1.2836, 0.4805, 0.4098, 0.3726, 0.3484, 0.3289, 0.3145, 0.3018, 0.2904, 0.2818]
train_acc: [0.6236, 0.8324, 0.8537, 0.8649, 0.8726, 0.8774, 0.8816, 0.8862, 0.8887, 0.8916]
test_loss: [0.5457, 0.459, 0.4271, 0.421, 0.392, 0.3934, 0.3866, 0.3909, 0.3971, 0.3877]
test_acc: [0.8141, 0.8392, 0.8528, 0.855, 0.8641, 0.8648, 0.8637, 0.8641, 0.8654, 0.8648]

--------------------------------------------------
CNN_with_0.5_lr_10_epochs.pth
train_loss: [3.854, 3.8542, 3.854, 3.8542, 3.8542, 3.854, 3.8542, 3.8542, 3.8543, 3.8542]
train_acc: [0.0213, 0.0209, 0.0214, 0.0207, 0.0208, 0.0209, 0.021, 0.0217, 0.0215, 0.0211]
test_loss: [3.8538, 3.8529, 3.8534, 3.8532, 3.8546, 3.8534, 3.8537, 3.8533, 3.8538, 3.8547]
test_acc: [0.0213, 0.0213, 0.0213, 0.0213, 0.0213, 0.0213, 0.0213, 0.0213, 0.0213, 0.0213]

--------------------------------------------------
VGG_with_0.5_lr_10_epochs.pth
train_loss: [1.3671, 0.4926, 0.409, 0.3726, 0.3449, 0.3253, 0.3101, 0.2953, 0.282, 0.2733]
train_acc: [0.5924, 0.8358, 0.8596, 0.8715, 0.8789, 0.8826, 0.8888, 0.8924, 0.8962, 0.8986]
test_loss: [0.5369, 0.4183, 0.3755, 0.3623, 0.335, 0.3419, 0.3411, 0.3339, 0.3181, 0.3384]
test_acc: [0.8185, 0.8641, 0.872, 0.8728, 0.8836, 0.8819, 0.8776, 0.884, 0.8878, 0.8831]

--------------------------------------------------
LeNet_with_0.5_lr_10_epochs.pth
train_loss: [0.9848, 0.5432, 0.487, 0.4616, 0.4468, 0.4328, 0.4225, 0.4183, 0.4164, 0.4078]
train_acc: [0.6975, 0.8166, 0.8334, 0.8415, 0.845, 0.8487, 0.8519, 0.853, 0.8537, 0.8566]
test_loss: [0.5859, 0.5295, 0.4888, 0.5196, 0.4777, 0.4719, 0.5976, 0.5153, 0.5098, 0.5004]
test_acc: [0.8024, 0.8208, 0.832, 0.8375, 0.8414, 0.8473, 0.8211, 0.8311, 0.8308, 0.8351]

--------------------------------------------------
CNN_with_0.01_lr_20_epochs.pth
train_loss: [2.2506, 0.6753, 0.5467, 0.4914, 0.4578, 0.4353, 0.419, 0.4055, 0.3949, 0.3855, 0.3787, 0.3718, 0.3662, 0.3612, 0.3566, 0.3511, 0.3477, 0.3443, 0.3408, 0.3375]
train_acc: [0.4049, 0.7886, 0.8234, 0.8387, 0.8482, 0.8528, 0.857, 0.8615, 0.8656, 0.8676, 0.8687, 0.8719, 0.8735, 0.8747, 0.8757, 0.8778, 0.8791, 0.8795, 0.8806, 0.8815]
test_loss: [0.8148, 0.6316, 0.5374, 0.5025, 0.4742, 0.4722, 0.4693, 0.4489, 0.4417, 0.4586, 0.4413, 0.4485, 0.4334, 0.42, 0.4223, 0.427, 0.4152, 0.4132, 0.4207, 0.4108]
test_acc: [0.7551, 0.802, 0.8293, 0.8412, 0.8492, 0.85, 0.8478, 0.8545, 0.8519, 0.8459, 0.854, 0.8499, 0.8591, 0.8624, 0.8601, 0.8598, 0.8613, 0.8626, 0.8595, 0.8647]

--------------------------------------------------
VGG_with_0.01_lr_20_epochs.pth
train_loss: [0.6473, 0.3356, 0.2904, 0.2609, 0.2412, 0.2202, 0.2066, 0.1911, 0.1786, 0.1695, 0.1575, 0.1483, 0.1392, 0.1329, 0.1245, 0.1128, 0.1051, 0.1018, 0.0963, 0.0904]
train_acc: [0.7904, 0.8776, 0.8913, 0.8997, 0.9063, 0.9132, 0.9177, 0.9225, 0.9257, 0.9297, 0.9335, 0.938, 0.9417, 0.9439, 0.9484, 0.9528, 0.9562, 0.9578, 0.9602, 0.9635]
test_loss: [0.3634, 0.3164, 0.307, 0.3086, 0.3096, 0.3129, 0.3122, 0.321, 0.3393, 0.3254, 0.3433, 0.3926, 0.3754, 0.3865, 0.3955, 0.405, 0.4237, 0.455, 0.4385, 0.4465]
test_acc: [0.8706, 0.8882, 0.8909, 0.8901, 0.892, 0.893, 0.8943, 0.8923, 0.8911, 0.8963, 0.8945, 0.8841, 0.892, 0.8906, 0.8916, 0.893, 0.8898, 0.884, 0.8905, 0.8894]

--------------------------------------------------
LeNet_with_0.01_lr_20_epochs.pth
train_loss: [3.6889, 1.205, 0.7632, 0.6267, 0.5529, 0.5034, 0.4703, 0.4435, 0.4226, 0.4052, 0.3914, 0.3782, 0.3665, 0.3583, 0.3498, 0.3415, 0.334, 0.3275, 0.3211, 0.3161]
train_acc: [0.0803, 0.6408, 0.7577, 0.7947, 0.815, 0.8289, 0.8386, 0.8469, 0.8522, 0.857, 0.8603, 0.8659, 0.8684, 0.8718, 0.8738, 0.877, 0.8787, 0.8803, 0.8828, 0.8836]
test_loss: [2.0212, 0.8779, 0.7087, 0.5962, 0.5626, 0.5333, 0.4962, 0.4788, 0.4659, 0.4719, 0.4486, 0.4568, 0.4343, 0.4209, 0.4138, 0.4172, 0.4221, 0.407, 0.4006, 0.3986]
test_acc: [0.4295, 0.7247, 0.779, 0.8071, 0.8145, 0.825, 0.8348, 0.8387, 0.8428, 0.8367, 0.8501, 0.8437, 0.8548, 0.8557, 0.8605, 0.858, 0.8544, 0.8645, 0.8642, 0.8662]

--------------------------------------------------
CNN_with_0.1_lr_20_epochs.pth
train_loss: [0.9521, 0.4905, 0.443, 0.4179, 0.4015, 0.3898, 0.3814, 0.3728, 0.3663, 0.3612, 0.3583, 0.3553, 0.3511, 0.3483, 0.345, 0.3403, 0.3392, 0.3359, 0.3342, 0.3304]
train_acc: [0.7238, 0.8386, 0.8505, 0.8583, 0.8625, 0.865, 0.867, 0.8703, 0.8723, 0.8722, 0.8731, 0.8746, 0.8747, 0.8756, 0.8776, 0.8784, 0.8787, 0.8797, 0.8796, 0.8804]
test_loss: [0.5551, 0.4862, 0.4511, 0.4814, 0.4407, 0.4408, 0.432, 0.4336, 0.4339, 0.4511, 0.4298, 0.4432, 0.4105, 0.4137, 0.4282, 0.4273, 0.4389, 0.4164, 0.4219, 0.4256]
test_acc: [0.8248, 0.8403, 0.8537, 0.8467, 0.8544, 0.8565, 0.856, 0.8532, 0.8543, 0.8507, 0.8619, 0.8512, 0.8653, 0.8614, 0.8613, 0.8586, 0.8512, 0.8608, 0.8606, 0.8596]

--------------------------------------------------
VGG_with_0.1_lr_20_epochs.pth
train_loss: [0.6488, 0.355, 0.3083, 0.28, 0.2624, 0.2448, 0.2315, 0.2179, 0.2094, 0.1993, 0.1894, 0.1841, 0.176, 0.168, 0.1617, 0.1542, 0.149, 0.1434, 0.1366, 0.1333]
train_acc: [0.7875, 0.8737, 0.8862, 0.8951, 0.9014, 0.906, 0.9094, 0.9136, 0.9159, 0.9199, 0.9234, 0.9258, 0.928, 0.9305, 0.9329, 0.9356, 0.9379, 0.9397, 0.9427, 0.9438]
test_loss: [0.3739, 0.3265, 0.3177, 0.3128, 0.3054, 0.3111, 0.3087, 0.3188, 0.315, 0.3131, 0.3248, 0.3286, 0.3212, 0.3382, 0.3523, 0.3557, 0.3742, 0.3819, 0.3778, 0.4051]
test_acc: [0.8653, 0.8858, 0.8874, 0.8891, 0.8932, 0.8928, 0.8909, 0.8902, 0.8951, 0.8952, 0.8952, 0.8912, 0.8978, 0.8949, 0.8946, 0.8916, 0.8924, 0.8966, 0.893, 0.8925]

--------------------------------------------------
LeNet_with_0.1_lr_20_epochs.pth
train_loss: [1.1677, 0.4667, 0.4008, 0.3671, 0.345, 0.3271, 0.3134, 0.302, 0.292, 0.283, 0.2753, 0.2679, 0.2596, 0.2546, 0.2492, 0.2423, 0.2392, 0.2338, 0.2285, 0.225]
train_acc: [0.654, 0.8371, 0.8572, 0.8673, 0.8737, 0.8789, 0.8822, 0.8863, 0.8889, 0.8913, 0.8938, 0.8966, 0.8983, 0.9001, 0.901, 0.9037, 0.905, 0.9049, 0.9084, 0.9093]
test_loss: [0.533, 0.441, 0.4268, 0.4277, 0.3931, 0.3931, 0.3928, 0.3937, 0.3919, 0.3963, 0.3838, 0.4143, 0.3947, 0.3947, 0.3951, 0.4057, 0.415, 0.4197, 0.4044, 0.4196]
test_acc: [0.8191, 0.8473, 0.8527, 0.8589, 0.865, 0.8637, 0.8642, 0.8635, 0.8671, 0.8641, 0.8692, 0.859, 0.8719, 0.8698, 0.8694, 0.8738, 0.8658, 0.8688, 0.8734, 0.868]

--------------------------------------------------
CNN_with_0.5_lr_20_epochs.pth
train_loss: [3.8539, 3.8542, 3.854, 3.8542, 3.8542, 3.854, 3.8542, 3.8542, 3.8543, 3.8542, 3.8542, 3.8541, 3.8543, 3.8542, 3.8541, 3.854, 3.854, 3.8541, 3.8541, 3.854]
train_acc: [0.0215, 0.0209, 0.0214, 0.0207, 0.0208, 0.0209, 0.021, 0.0217, 0.0215, 0.0211, 0.0208, 0.0213, 0.0208, 0.0207, 0.0207, 0.0202, 0.0211, 0.0216, 0.0211, 0.0213]
test_loss: [3.8538, 3.8529, 3.8534, 3.8532, 3.8546, 3.8534, 3.8537, 3.8533, 3.8538, 3.8547, 3.8536, 3.8536, 3.8547, 3.8536, 3.8541, 3.8535, 3.8546, 3.8524, 3.8528, 3.8532]
test_acc: [0.0213, 0.0213, 0.0213, 0.0213, 0.0213, 0.0213, 0.0213, 0.0213, 0.0213, 0.0213, 0.0213, 0.0213, 0.0214, 0.0213, 0.0213, 0.0213, 0.0212, 0.0213, 0.0213, 0.0213]

--------------------------------------------------
VGG_with_0.5_lr_20_epochs.pth
train_loss: [1.2669, 0.4828, 0.4053, 0.3679, 0.3427, 0.321, 0.3084, 0.291, 0.2794, 0.2699, 0.259, 0.2536, 0.2458, 0.2371, 0.2297, 0.2233, 0.2159, 0.2153, 0.2096, 0.2038]
train_acc: [0.6199, 0.8387, 0.8622, 0.8718, 0.8796, 0.8852, 0.8884, 0.8934, 0.8974, 0.8999, 0.9033, 0.9048, 0.9072, 0.9095, 0.9109, 0.9139, 0.9176, 0.9166, 0.9191, 0.9196]
test_loss: [0.481, 0.3819, 0.3777, 0.3673, 0.3292, 0.3533, 0.3385, 0.3428, 0.3226, 0.3291, 0.339, 0.3501, 0.3227, 0.333, 0.3538, 0.3378, 0.3332, 0.3537, 0.3404, 0.352]
test_acc: [0.837, 0.8655, 0.8747, 0.8735, 0.8886, 0.8818, 0.8786, 0.8845, 0.8908, 0.8851, 0.8904, 0.8809, 0.8927, 0.8934, 0.8881, 0.8933, 0.8937, 0.8941, 0.8947, 0.8957]

--------------------------------------------------
LeNet_with_0.5_lr_20_epochs.pth
train_loss: [0.9657, 0.5385, 0.4893, 0.4639, 0.4444, 0.4376, 0.425, 0.4212, 0.4097, 0.4086, 0.4067, 0.4051, 0.3982, 0.4063, 0.3998, 0.3997, 0.3935, 0.3948, 0.385, 0.3939]
train_acc: [0.7012, 0.8181, 0.8312, 0.8396, 0.8452, 0.847, 0.851, 0.8516, 0.8552, 0.8556, 0.8556, 0.8569, 0.8589, 0.8573, 0.8588, 0.8595, 0.8596, 0.86, 0.8627, 0.8621]
test_loss: [0.6317, 0.5252, 0.5305, 0.5621, 0.4647, 0.5091, 0.5112, 0.5656, 0.5307, 0.5359, 0.5157, 0.6192, 0.5478, 0.525, 0.5771, 0.5707, 0.5235, 0.5111, 0.5958, 0.5516]
test_acc: [0.7915, 0.8219, 0.8249, 0.8223, 0.841, 0.8349, 0.8392, 0.8233, 0.8343, 0.8296, 0.8463, 0.7961, 0.8391, 0.8381, 0.827, 0.8365, 0.8359, 0.8434, 0.8297, 0.8358]

--------------------------------------------------